3
6 4 7 8 5 0 3 2 1 
6 4 7 8 5 1 3 2 0 
6 4 7 8 5 1 3 0 2 
6 4 7 8 5 1 0 3 2 
6 4 7 0 5 1 8 3 2 
6 4 7 5 0 1 8 3 2 
6 4 7 5 1 0 8 3 2 
6 4 7 5 1 2 8 3 0 
6 4 7 5 1 2 8 0 3 
6 4 7 5 1 2 0 8 3 
6 4 7 0 1 2 5 8 3 
6 4 7 1 0 2 5 8 3 
6 0 7 1 4 2 5 8 3 
6 7 0 1 4 2 5 8 3 
6 7 2 1 4 0 5 8 3 
6 7 2 1 4 3 5 8 0 
6 7 2 1 4 3 5 0 8 
6 7 2 1 0 3 5 4 8 
6 0 2 1 7 3 5 4 8 
0 6 2 1 7 3 5 4 8 
1 6 2 0 7 3 5 4 8 
1 6 2 5 7 3 0 4 8 
1 6 2 5 7 3 4 0 8 
1 6 2 5 0 3 4 7 8 
1 0 2 5 6 3 4 7 8 
1 2 0 5 6 3 4 7 8 
1 2 3 5 6 0 4 7 8 
1 2 3 5 0 6 4 7 8 
1 2 3 0 5 6 4 7 8 
1 2 3 4 5 6 0 7 8 
1 2 3 4 5 6 7 0 8 
1 2 3 4 5 6 7 8 0 
