4
2 9 5 11 8 3 4 14 7 10 1 12 0 15 6 13 
2 9 5 11 8 3 4 14 7 10 1 12 15 0 6 13 
2 9 5 11 8 3 4 14 7 0 1 12 15 10 6 13 
2 9 5 11 8 0 4 14 7 3 1 12 15 10 6 13 
2 0 5 11 8 9 4 14 7 3 1 12 15 10 6 13 
2 5 0 11 8 9 4 14 7 3 1 12 15 10 6 13 
2 5 4 11 8 9 0 14 7 3 1 12 15 10 6 13 
2 5 4 11 8 0 9 14 7 3 1 12 15 10 6 13 
2 5 4 11 8 3 9 14 7 0 1 12 15 10 6 13 
2 5 4 11 8 3 9 14 7 1 0 12 15 10 6 13 
2 5 4 11 8 3 0 14 7 1 9 12 15 10 6 13 
2 5 4 11 8 0 3 14 7 1 9 12 15 10 6 13 
2 5 4 11 0 8 3 14 7 1 9 12 15 10 6 13 
2 5 4 11 7 8 3 14 0 1 9 12 15 10 6 13 
2 5 4 11 7 8 3 14 1 0 9 12 15 10 6 13 
2 5 4 11 7 8 3 14 1 9 0 12 15 10 6 13 
2 5 4 11 7 8 3 14 1 9 6 12 15 10 0 13 
2 5 4 11 7 8 3 14 1 9 6 12 15 10 13 0 
2 5 4 11 7 8 3 14 1 9 6 0 15 10 13 12 
2 5 4 11 7 8 3 0 1 9 6 14 15 10 13 12 
2 5 4 0 7 8 3 11 1 9 6 14 15 10 13 12 
2 5 0 4 7 8 3 11 1 9 6 14 15 10 13 12 
2 5 3 4 7 8 0 11 1 9 6 14 15 10 13 12 
2 5 3 4 7 0 8 11 1 9 6 14 15 10 13 12 
2 5 3 4 0 7 8 11 1 9 6 14 15 10 13 12 
2 5 3 4 1 7 8 11 0 9 6 14 15 10 13 12 
2 5 3 4 1 7 8 11 9 0 6 14 15 10 13 12 
2 5 3 4 1 7 8 11 9 6 0 14 15 10 13 12 
2 5 3 4 1 7 8 11 9 6 14 0 15 10 13 12 
2 5 3 4 1 7 8 0 9 6 14 11 15 10 13 12 
2 5 3 4 1 7 0 8 9 6 14 11 15 10 13 12 
2 5 3 4 1 0 7 8 9 6 14 11 15 10 13 12 
2 0 3 4 1 5 7 8 9 6 14 11 15 10 13 12 
0 2 3 4 1 5 7 8 9 6 14 11 15 10 13 12 
1 2 3 4 0 5 7 8 9 6 14 11 15 10 13 12 
1 2 3 4 5 0 7 8 9 6 14 11 15 10 13 12 
1 2 3 4 5 6 7 8 9 0 14 11 15 10 13 12 
1 2 3 4 5 6 7 8 9 10 14 11 15 0 13 12 
1 2 3 4 5 6 7 8 9 10 14 11 0 15 13 12 
1 2 3 4 5 6 7 8 0 10 14 11 9 15 13 12 
1 2 3 4 5 6 7 8 10 0 14 11 9 15 13 12 
1 2 3 4 5 6 7 8 10 15 14 11 9 0 13 12 
1 2 3 4 5 6 7 8 10 15 14 11 9 13 0 12 
1 2 3 4 5 6 7 8 10 15 0 11 9 13 14 12 
1 2 3 4 5 6 7 8 10 0 15 11 9 13 14 12 
1 2 3 4 5 6 7 8 0 10 15 11 9 13 14 12 
1 2 3 4 5 6 7 8 9 10 15 11 0 13 14 12 
1 2 3 4 5 6 7 8 9 10 15 11 13 0 14 12 
1 2 3 4 5 6 7 8 9 10 15 11 13 14 0 12 
1 2 3 4 5 6 7 8 9 10 0 11 13 14 15 12 
1 2 3 4 5 6 7 8 9 10 11 0 13 14 15 12 
1 2 3 4 5 6 7 8 9 10 11 12 13 14 15 0 
