4
12 10 3 2 0 7 14 9 1 15 5 6 8 4 13 11 
12 10 3 2 1 7 14 9 0 15 5 6 8 4 13 11 
12 10 3 2 1 7 14 9 15 0 5 6 8 4 13 11 
12 10 3 2 1 0 14 9 15 7 5 6 8 4 13 11 
12 10 3 2 1 14 0 9 15 7 5 6 8 4 13 11 
12 10 3 2 1 14 9 0 15 7 5 6 8 4 13 11 
12 10 3 0 1 14 9 2 15 7 5 6 8 4 13 11 
12 10 0 3 1 14 9 2 15 7 5 6 8 4 13 11 
12 0 10 3 1 14 9 2 15 7 5 6 8 4 13 11 
0 12 10 3 1 14 9 2 15 7 5 6 8 4 13 11 
1 12 10 3 0 14 9 2 15 7 5 6 8 4 13 11 
1 12 10 3 14 0 9 2 15 7 5 6 8 4 13 11 
1 12 10 3 14 9 0 2 15 7 5 6 8 4 13 11 
1 12 10 3 14 9 5 2 15 7 0 6 8 4 13 11 
1 12 10 3 14 9 5 2 15 0 7 6 8 4 13 11 
1 12 10 3 14 9 5 2 15 4 7 6 8 0 13 11 
1 12 10 3 14 9 5 2 15 4 7 6 8 13 0 11 
1 12 10 3 14 9 5 2 15 4 0 6 8 13 7 11 
1 12 10 3 14 9 5 2 15 0 4 6 8 13 7 11 
1 12 10 3 14 9 5 2 0 15 4 6 8 13 7 11 
1 12 10 3 0 9 5 2 14 15 4 6 8 13 7 11 
1 12 10 3 9 0 5 2 14 15 4 6 8 13 7 11 
1 12 10 3 9 5 0 2 14 15 4 6 8 13 7 11 
1 12 10 3 9 5 2 0 14 15 4 6 8 13 7 11 
1 12 10 3 9 5 2 6 14 15 4 0 8 13 7 11 
1 12 10 3 9 5 2 6 14 15 0 4 8 13 7 11 
1 12 10 3 9 5 2 6 14 0 15 4 8 13 7 11 
1 12 10 3 9 5 2 6 0 14 15 4 8 13 7 11 
1 12 10 3 9 5 2 6 8 14 15 4 0 13 7 11 
1 12 10 3 9 5 2 6 8 14 15 4 13 0 7 11 
1 12 10 3 9 5 2 6 8 0 15 4 13 14 7 11 
1 12 10 3 9 5 2 6 0 8 15 4 13 14 7 11 
1 12 10 3 0 5 2 6 9 8 15 4 13 14 7 11 
1 12 10 3 5 0 2 6 9 8 15 4 13 14 7 11 
1 12 10 3 5 2 0 6 9 8 15 4 13 14 7 11 
1 12 0 3 5 2 10 6 9 8 15 4 13 14 7 11 
1 0 12 3 5 2 10 6 9 8 15 4 13 14 7 11 
1 2 12 3 5 0 10 6 9 8 15 4 13 14 7 11 
1 2 12 3 5 10 0 6 9 8 15 4 13 14 7 11 
1 2 12 3 5 10 6 0 9 8 15 4 13 14 7 11 
1 2 12 3 5 10 6 4 9 8 15 0 13 14 7 11 
1 2 12 3 5 10 6 4 9 8 0 15 13 14 7 11 
1 2 12 3 5 10 6 4 9 0 8 15 13 14 7 11 
1 2 12 3 5 0 6 4 9 10 8 15 13 14 7 11 
1 2 12 3 5 6 0 4 9 10 8 15 13 14 7 11 
1 2 0 3 5 6 12 4 9 10 8 15 13 14 7 11 
1 2 3 0 5 6 12 4 9 10 8 15 13 14 7 11 
1 2 3 4 5 6 12 0 9 10 8 15 13 14 7 11 
1 2 3 4 5 6 0 12 9 10 8 15 13 14 7 11 
1 2 3 4 5 6 8 12 9 10 0 15 13 14 7 11 
1 2 3 4 5 6 8 12 9 10 7 15 13 14 0 11 
1 2 3 4 5 6 8 12 9 10 7 15 13 14 11 0 
1 2 3 4 5 6 8 12 9 10 7 0 13 14 11 15 
1 2 3 4 5 6 8 0 9 10 7 12 13 14 11 15 
1 2 3 4 5 6 0 8 9 10 7 12 13 14 11 15 
1 2 3 4 5 6 7 8 9 10 0 12 13 14 11 15 
1 2 3 4 5 6 7 8 9 10 11 12 13 14 0 15 
1 2 3 4 5 6 7 8 9 10 11 12 13 14 15 0 
