3
8 6 7 2 5 4 3 0 1 
8 6 7 2 5 4 3 1 0 
8 6 7 2 5 0 3 1 4 
8 6 0 2 5 7 3 1 4 
8 0 6 2 5 7 3 1 4 
0 8 6 2 5 7 3 1 4 
2 8 6 0 5 7 3 1 4 
2 8 6 3 5 7 0 1 4 
2 8 6 3 5 7 1 0 4 
2 8 6 3 0 7 1 5 4 
2 8 6 0 3 7 1 5 4 
2 8 6 1 3 7 0 5 4 
2 8 6 1 3 7 5 0 4 
2 8 6 1 3 7 5 4 0 
2 8 6 1 3 0 5 4 7 
2 8 0 1 3 6 5 4 7 
2 0 8 1 3 6 5 4 7 
2 3 8 1 0 6 5 4 7 
2 3 8 1 6 0 5 4 7 
2 3 0 1 6 8 5 4 7 
2 0 3 1 6 8 5 4 7 
0 2 3 1 6 8 5 4 7 
1 2 3 0 6 8 5 4 7 
1 2 3 5 6 8 0 4 7 
1 2 3 5 6 8 4 0 7 
1 2 3 5 6 8 4 7 0 
1 2 3 5 6 0 4 7 8 
1 2 3 5 0 6 4 7 8 
1 2 3 0 5 6 4 7 8 
1 2 3 4 5 6 0 7 8 
1 2 3 4 5 6 7 0 8 
1 2 3 4 5 6 7 8 0 
