4
4 7 0 9 12 10 11 8 14 6 15 1 2 5 3 13 
4 7 9 0 12 10 11 8 14 6 15 1 2 5 3 13 
4 7 9 8 12 10 11 0 14 6 15 1 2 5 3 13 
4 7 9 8 12 10 11 1 14 6 15 0 2 5 3 13 
4 7 9 8 12 10 11 1 14 6 0 15 2 5 3 13 
4 7 9 8 12 10 11 1 14 6 3 15 2 5 0 13 
4 7 9 8 12 10 11 1 14 6 3 15 2 5 13 0 
4 7 9 8 12 10 11 1 14 6 3 0 2 5 13 15 
4 7 9 8 12 10 11 1 14 6 0 3 2 5 13 15 
4 7 9 8 12 10 0 1 14 6 11 3 2 5 13 15 
4 7 9 8 12 0 10 1 14 6 11 3 2 5 13 15 
4 7 9 8 0 12 10 1 14 6 11 3 2 5 13 15 
4 7 9 8 14 12 10 1 0 6 11 3 2 5 13 15 
4 7 9 8 14 12 10 1 2 6 11 3 0 5 13 15 
4 7 9 8 14 12 10 1 2 6 11 3 5 0 13 15 
4 7 9 8 14 12 10 1 2 6 11 3 5 13 0 15 
4 7 9 8 14 12 10 1 2 6 0 3 5 13 11 15 
4 7 9 8 14 12 0 1 2 6 10 3 5 13 11 15 
4 7 9 8 14 0 12 1 2 6 10 3 5 13 11 15 
4 7 9 8 0 14 12 1 2 6 10 3 5 13 11 15 
4 7 9 8 2 14 12 1 0 6 10 3 5 13 11 15 
4 7 9 8 2 14 12 1 6 0 10 3 5 13 11 15 
4 7 9 8 2 14 12 1 6 10 0 3 5 13 11 15 
4 7 9 8 2 14 0 1 6 10 12 3 5 13 11 15 
4 7 9 8 2 14 1 0 6 10 12 3 5 13 11 15 
4 7 9 8 2 14 1 3 6 10 12 0 5 13 11 15 
4 7 9 8 2 14 1 3 6 10 0 12 5 13 11 15 
4 7 9 8 2 14 1 3 6 0 10 12 5 13 11 15 
4 7 9 8 2 0 1 3 6 14 10 12 5 13 11 15 
4 7 9 8 2 1 0 3 6 14 10 12 5 13 11 15 
4 7 0 8 2 1 9 3 6 14 10 12 5 13 11 15 
4 0 7 8 2 1 9 3 6 14 10 12 5 13 11 15 
0 4 7 8 2 1 9 3 6 14 10 12 5 13 11 15 
2 4 7 8 0 1 9 3 6 14 10 12 5 13 11 15 
2 4 7 8 1 0 9 3 6 14 10 12 5 13 11 15 
2 4 7 8 1 9 0 3 6 14 10 12 5 13 11 15 
2 4 0 8 1 9 7 3 6 14 10 12 5 13 11 15 
2 0 4 8 1 9 7 3 6 14 10 12 5 13 11 15 
0 2 4 8 1 9 7 3 6 14 10 12 5 13 11 15 
1 2 4 8 0 9 7 3 6 14 10 12 5 13 11 15 
1 2 4 8 6 9 7 3 0 14 10 12 5 13 11 15 
1 2 4 8 6 9 7 3 5 14 10 12 0 13 11 15 
1 2 4 8 6 9 7 3 5 14 10 12 13 0 11 15 
1 2 4 8 6 9 7 3 5 0 10 12 13 14 11 15 
1 2 4 8 6 0 7 3 5 9 10 12 13 14 11 15 
1 2 4 8 6 7 0 3 5 9 10 12 13 14 11 15 
1 2 4 8 6 7 3 0 5 9 10 12 13 14 11 15 
1 2 4 0 6 7 3 8 5 9 10 12 13 14 11 15 
1 2 0 4 6 7 3 8 5 9 10 12 13 14 11 15 
1 2 3 4 6 7 0 8 5 9 10 12 13 14 11 15 
1 2 3 4 6 0 7 8 5 9 10 12 13 14 11 15 
1 2 3 4 0 6 7 8 5 9 10 12 13 14 11 15 
1 2 3 4 5 6 7 8 0 9 10 12 13 14 11 15 
1 2 3 4 5 6 7 8 9 0 10 12 13 14 11 15 
1 2 3 4 5 6 7 8 9 10 0 12 13 14 11 15 
1 2 3 4 5 6 7 8 9 10 11 12 13 14 0 15 
1 2 3 4 5 6 7 8 9 10 11 12 13 14 15 0 
