4
8 13 0 6 1 15 9 14 3 4 5 11 7 2 10 12 
8 0 13 6 1 15 9 14 3 4 5 11 7 2 10 12 
0 8 13 6 1 15 9 14 3 4 5 11 7 2 10 12 
1 8 13 6 0 15 9 14 3 4 5 11 7 2 10 12 
1 8 13 6 15 0 9 14 3 4 5 11 7 2 10 12 
1 8 13 6 15 4 9 14 3 0 5 11 7 2 10 12 
1 8 13 6 15 4 9 14 3 5 0 11 7 2 10 12 
1 8 13 6 15 4 0 14 3 5 9 11 7 2 10 12 
1 8 0 6 15 4 13 14 3 5 9 11 7 2 10 12 
1 0 8 6 15 4 13 14 3 5 9 11 7 2 10 12 
1 4 8 6 15 0 13 14 3 5 9 11 7 2 10 12 
1 4 8 6 15 5 13 14 3 0 9 11 7 2 10 12 
1 4 8 6 15 5 13 14 0 3 9 11 7 2 10 12 
1 4 8 6 0 5 13 14 15 3 9 11 7 2 10 12 
1 4 8 6 5 0 13 14 15 3 9 11 7 2 10 12 
1 4 8 6 5 3 13 14 15 0 9 11 7 2 10 12 
1 4 8 6 5 3 13 14 15 2 9 11 7 0 10 12 
1 4 8 6 5 3 13 14 15 2 9 11 7 10 0 12 
1 4 8 6 5 3 13 14 15 2 0 11 7 10 9 12 
1 4 8 6 5 3 0 14 15 2 13 11 7 10 9 12 
1 4 8 6 5 3 14 0 15 2 13 11 7 10 9 12 
1 4 8 0 5 3 14 6 15 2 13 11 7 10 9 12 
1 4 0 8 5 3 14 6 15 2 13 11 7 10 9 12 
1 0 4 8 5 3 14 6 15 2 13 11 7 10 9 12 
1 3 4 8 5 0 14 6 15 2 13 11 7 10 9 12 
1 3 4 8 5 2 14 6 15 0 13 11 7 10 9 12 
1 3 4 8 5 2 14 6 15 10 13 11 7 0 9 12 
1 3 4 8 5 2 14 6 15 10 13 11 7 9 0 12 
1 3 4 8 5 2 14 6 15 10 0 11 7 9 13 12 
1 3 4 8 5 2 0 6 15 10 14 11 7 9 13 12 
1 3 4 8 5 2 6 0 15 10 14 11 7 9 13 12 
1 3 4 0 5 2 6 8 15 10 14 11 7 9 13 12 
1 3 0 4 5 2 6 8 15 10 14 11 7 9 13 12 
1 0 3 4 5 2 6 8 15 10 14 11 7 9 13 12 
1 2 3 4 5 0 6 8 15 10 14 11 7 9 13 12 
1 2 3 4 5 10 6 8 15 0 14 11 7 9 13 12 
1 2 3 4 5 10 6 8 0 15 14 11 7 9 13 12 
1 2 3 4 5 10 6 8 7 15 14 11 0 9 13 12 
1 2 3 4 5 10 6 8 7 15 14 11 9 0 13 12 
1 2 3 4 5 10 6 8 7 15 14 11 9 13 0 12 
1 2 3 4 5 10 6 8 7 15 0 11 9 13 14 12 
1 2 3 4 5 10 6 8 7 0 15 11 9 13 14 12 
1 2 3 4 5 10 6 8 0 7 15 11 9 13 14 12 
1 2 3 4 5 10 6 8 9 7 15 11 0 13 14 12 
1 2 3 4 5 10 6 8 9 7 15 11 13 0 14 12 
1 2 3 4 5 10 6 8 9 7 15 11 13 14 0 12 
1 2 3 4 5 10 6 8 9 7 0 11 13 14 15 12 
1 2 3 4 5 10 6 8 9 0 7 11 13 14 15 12 
1 2 3 4 5 0 6 8 9 10 7 11 13 14 15 12 
1 2 3 4 5 6 0 8 9 10 7 11 13 14 15 12 
1 2 3 4 5 6 7 8 9 10 0 11 13 14 15 12 
1 2 3 4 5 6 7 8 9 10 11 0 13 14 15 12 
1 2 3 4 5 6 7 8 9 10 11 12 13 14 15 0 
