4
4 6 15 13 12 9 10 2 8 0 7 3 14 5 1 11 
4 6 15 13 12 9 10 2 0 8 7 3 14 5 1 11 
4 6 15 13 12 9 10 2 14 8 7 3 0 5 1 11 
4 6 15 13 12 9 10 2 14 8 7 3 5 0 1 11 
4 6 15 13 12 9 10 2 14 8 7 3 5 1 0 11 
4 6 15 13 12 9 10 2 14 8 0 3 5 1 7 11 
4 6 15 13 12 9 10 2 14 0 8 3 5 1 7 11 
4 6 15 13 12 9 10 2 14 1 8 3 5 0 7 11 
4 6 15 13 12 9 10 2 14 1 8 3 0 5 7 11 
4 6 15 13 12 9 10 2 0 1 8 3 14 5 7 11 
4 6 15 13 12 9 10 2 1 0 8 3 14 5 7 11 
4 6 15 13 12 0 10 2 1 9 8 3 14 5 7 11 
4 6 15 13 12 10 0 2 1 9 8 3 14 5 7 11 
4 6 0 13 12 10 15 2 1 9 8 3 14 5 7 11 
4 6 13 0 12 10 15 2 1 9 8 3 14 5 7 11 
4 6 13 2 12 10 15 0 1 9 8 3 14 5 7 11 
4 6 13 2 12 10 0 15 1 9 8 3 14 5 7 11 
4 6 0 2 12 10 13 15 1 9 8 3 14 5 7 11 
4 0 6 2 12 10 13 15 1 9 8 3 14 5 7 11 
4 10 6 2 12 0 13 15 1 9 8 3 14 5 7 11 
4 10 6 2 12 13 0 15 1 9 8 3 14 5 7 11 
4 10 6 2 12 13 8 15 1 9 0 3 14 5 7 11 
4 10 6 2 12 13 8 15 1 0 9 3 14 5 7 11 
4 10 6 2 12 0 8 15 1 13 9 3 14 5 7 11 
4 10 6 2 0 12 8 15 1 13 9 3 14 5 7 11 
4 10 6 2 1 12 8 15 0 13 9 3 14 5 7 11 
4 10 6 2 1 12 8 15 13 0 9 3 14 5 7 11 
4 10 6 2 1 12 8 15 13 5 9 3 14 0 7 11 
4 10 6 2 1 12 8 15 13 5 9 3 0 14 7 11 
4 10 6 2 1 12 8 15 0 5 9 3 13 14 7 11 
4 10 6 2 1 12 8 15 5 0 9 3 13 14 7 11 
4 10 6 2 1 12 8 15 5 9 0 3 13 14 7 11 
4 10 6 2 1 12 8 15 5 9 3 0 13 14 7 11 
4 10 6 2 1 12 8 0 5 9 3 15 13 14 7 11 
4 10 6 2 1 12 0 8 5 9 3 15 13 14 7 11 
4 10 6 2 1 0 12 8 5 9 3 15 13 14 7 11 
4 0 6 2 1 10 12 8 5 9 3 15 13 14 7 11 
0 4 6 2 1 10 12 8 5 9 3 15 13 14 7 11 
1 4 6 2 0 10 12 8 5 9 3 15 13 14 7 11 
1 4 6 2 5 10 12 8 0 9 3 15 13 14 7 11 
1 4 6 2 5 10 12 8 9 0 3 15 13 14 7 11 
1 4 6 2 5 0 12 8 9 10 3 15 13 14 7 11 
1 0 6 2 5 4 12 8 9 10 3 15 13 14 7 11 
1 6 0 2 5 4 12 8 9 10 3 15 13 14 7 11 
1 6 2 0 5 4 12 8 9 10 3 15 13 14 7 11 
1 6 2 8 5 4 12 0 9 10 3 15 13 14 7 11 
1 6 2 8 5 4 0 12 9 10 3 15 13 14 7 11 
1 6 2 8 5 0 4 12 9 10 3 15 13 14 7 11 
1 0 2 8 5 6 4 12 9 10 3 15 13 14 7 11 
1 2 0 8 5 6 4 12 9 10 3 15 13 14 7 11 
1 2 4 8 5 6 0 12 9 10 3 15 13 14 7 11 
1 2 4 8 5 6 3 12 9 10 0 15 13 14 7 11 
1 2 4 8 5 6 3 12 9 10 7 15 13 14 0 11 
1 2 4 8 5 6 3 12 9 10 7 15 13 14 11 0 
1 2 4 8 5 6 3 12 9 10 7 0 13 14 11 15 
1 2 4 8 5 6 3 0 9 10 7 12 13 14 11 15 
1 2 4 0 5 6 3 8 9 10 7 12 13 14 11 15 
1 2 0 4 5 6 3 8 9 10 7 12 13 14 11 15 
1 2 3 4 5 6 0 8 9 10 7 12 13 14 11 15 
1 2 3 4 5 6 7 8 9 10 0 12 13 14 11 15 
1 2 3 4 5 6 7 8 9 10 11 12 13 14 0 15 
1 2 3 4 5 6 7 8 9 10 11 12 13 14 15 0 
