4
12 1 5 6 2 11 7 9 14 10 0 4 15 3 13 8 
12 1 5 6 2 11 7 9 14 0 10 4 15 3 13 8 
12 1 5 6 2 11 7 9 14 3 10 4 15 0 13 8 
12 1 5 6 2 11 7 9 14 3 10 4 15 13 0 8 
12 1 5 6 2 11 7 9 14 3 0 4 15 13 10 8 
12 1 5 6 2 11 0 9 14 3 7 4 15 13 10 8 
12 1 5 6 2 11 9 0 14 3 7 4 15 13 10 8 
12 1 5 6 2 11 9 4 14 3 7 0 15 13 10 8 
12 1 5 6 2 11 9 4 14 3 0 7 15 13 10 8 
12 1 5 6 2 11 0 4 14 3 9 7 15 13 10 8 
12 1 5 6 2 0 11 4 14 3 9 7 15 13 10 8 
12 0 5 6 2 1 11 4 14 3 9 7 15 13 10 8 
0 12 5 6 2 1 11 4 14 3 9 7 15 13 10 8 
2 12 5 6 0 1 11 4 14 3 9 7 15 13 10 8 
2 12 5 6 1 0 11 4 14 3 9 7 15 13 10 8 
2 12 5 6 1 3 11 4 14 0 9 7 15 13 10 8 
2 12 5 6 1 3 11 4 14 13 9 7 15 0 10 8 
2 12 5 6 1 3 11 4 14 13 9 7 0 15 10 8 
2 12 5 6 1 3 11 4 0 13 9 7 14 15 10 8 
2 12 5 6 1 3 11 4 13 0 9 7 14 15 10 8 
2 12 5 6 1 3 11 4 13 9 0 7 14 15 10 8 
2 12 5 6 1 3 11 4 13 9 10 7 14 15 0 8 
2 12 5 6 1 3 11 4 13 9 10 7 14 0 15 8 
2 12 5 6 1 3 11 4 13 9 10 7 0 14 15 8 
2 12 5 6 1 3 11 4 0 9 10 7 13 14 15 8 
2 12 5 6 1 3 11 4 9 0 10 7 13 14 15 8 
2 12 5 6 1 3 11 4 9 10 0 7 13 14 15 8 
2 12 5 6 1 3 0 4 9 10 11 7 13 14 15 8 
2 12 0 6 1 3 5 4 9 10 11 7 13 14 15 8 
2 0 12 6 1 3 5 4 9 10 11 7 13 14 15 8 
2 3 12 6 1 0 5 4 9 10 11 7 13 14 15 8 
2 3 12 6 1 5 0 4 9 10 11 7 13 14 15 8 
2 3 0 6 1 5 12 4 9 10 11 7 13 14 15 8 
2 3 6 0 1 5 12 4 9 10 11 7 13 14 15 8 
2 3 6 4 1 5 12 0 9 10 11 7 13 14 15 8 
2 3 6 4 1 5 12 7 9 10 11 0 13 14 15 8 
2 3 6 4 1 5 12 7 9 10 11 8 13 14 15 0 
2 3 6 4 1 5 12 7 9 10 11 8 13 14 0 15 
2 3 6 4 1 5 12 7 9 10 0 8 13 14 11 15 
2 3 6 4 1 5 0 7 9 10 12 8 13 14 11 15 
2 3 0 4 1 5 6 7 9 10 12 8 13 14 11 15 
2 0 3 4 1 5 6 7 9 10 12 8 13 14 11 15 
0 2 3 4 1 5 6 7 9 10 12 8 13 14 11 15 
1 2 3 4 0 5 6 7 9 10 12 8 13 14 11 15 
1 2 3 4 5 0 6 7 9 10 12 8 13 14 11 15 
1 2 3 4 5 6 0 7 9 10 12 8 13 14 11 15 
1 2 3 4 5 6 7 0 9 10 12 8 13 14 11 15 
1 2 3 4 5 6 7 8 9 10 12 0 13 14 11 15 
1 2 3 4 5 6 7 8 9 10 0 12 13 14 11 15 
1 2 3 4 5 6 7 8 9 10 11 12 13 14 0 15 
1 2 3 4 5 6 7 8 9 10 11 12 13 14 15 0 
